0.00358743681591663	0.0
0.00358743681591663	0.0006230529595016021
0.003963804010427783	0.0012461059190030932
0.004659684698752834	0.0018691588785046953
0.006200924902153954	0.0024922118380062974
0.0067134736280059434	0.0031152647975078995
0.0078088409597036595	0.0037383177570093906
0.009658862340046195	0.004361370716510993
0.00974401834502801	0.004984423676012595
0.010138751564909019	0.005607476635514086
0.010233645553934072	0.006230529595015577
0.010344163136775194	0.006853582554517068
0.010518593450744212	0.007476635514018559
0.010911373936748193	0.008099688473520161
0.011357389016482766	0.008722741433021763
0.011507037978654534	0.009345794392523255
0.011897445783910535	0.009968847352024857
0.011955747523183135	0.010591900311526459
0.012125257313079634	0.01121495327102795
0.012153007505293564	0.011838006230529441
0.01275858960378716	0.012461059190031043
0.012764343300418703	0.013084112149532645
0.012799163033603221	0.013707165109034247
0.012943655714318337	0.014330218068535738
0.013038004692485027	0.01495327102803723
0.01311441114875552	0.01557632398753872
0.01341960620767061	0.016199376947040323
0.013974736376514729	0.016822429906541925
0.01489846998310854	0.017445482866043527
0.015006461073737137	0.01806853582554513
0.01500977840573769	0.01869158878504673
0.015334907608990627	0.019314641744548333
0.015465208852255637	0.019937694704049935
0.01572629360100017	0.020560747663551537
0.015894357675197635	0.02118380062305314
0.015946041743575664	0.02180685358255474
0.016085923683947942	0.022429906542056344
0.016099962424146762	0.023052959501557946
0.01637308080088463	0.023676012461059437
0.016414442225312638	0.02429906542056104
0.01664633049697452	0.02492211838006253
0.01677021523186173	0.025545171339564132
0.016955151958393505	0.026168224299065623
0.016967099470959465	0.026791277258567225
0.01724060402038304	0.027414330218068717
0.01724441176925861	0.02803738317757032
0.017269583473569862	0.02866043613707192
0.01734939902330284	0.029283489096573523
0.017386509933355877	0.029906542056075014
0.017439521023045117	0.030529595015576505
0.017470646070324048	0.031152647975077996
0.017501231871782714	0.03177570093457949
0.017697028564299288	0.03239875389408098
0.01814717284508325	0.03302180685358258
0.01819204686465533	0.03364485981308418
0.01848688970855402	0.034267912772585785
0.018577330025788364	0.034890965732087276
0.018589665900187874	0.03551401869158877
0.01859203712314017	0.03613707165109026
0.01898667348217636	0.03676012461059186
0.01919429221743745	0.03738317757009346
0.019286738304391027	0.038006230529595064
0.01932442372083069	0.038629283489096666
0.019368246323125067	0.03925233644859827
0.019398315160612856	0.03987538940809987
0.019460184521145837	0.04049844236760136
0.019534852410662325	0.041121495327102964
0.019639313401480746	0.041744548286604455
0.01972488927269742	0.04236760124610606
0.01991737570074391	0.04299065420560755
0.020069887589476795	0.04361370716510904
0.020130107547539133	0.04423676012461064
0.020260830655163126	0.04485981308411224
0.020341042057419968	0.045482866043613845
0.02062435554899105	0.04610591900311545
0.021014807091414626	0.04672897196261694
0.021042598231329115	0.04735202492211854
0.021135747670791395	0.04797507788162003
0.021470769645135668	0.048598130841121634
0.02150597012891287	0.049221183800623236
0.021582000924906437	0.04984423676012484
0.021632942160422677	0.05046728971962633
0.021819014840386817	0.05109034267912782
0.02187186004031708	0.05171339563862931
0.021875565556463902	0.0523364485981308
0.021993167038130323	0.052959501557632405
0.022080651585225854	0.053582554517133896
0.02248083965520739	0.0542056074766355
0.0231251415116086	0.0548286604361371
0.02317386888335366	0.0554517133956387
0.02330216387248828	0.05607476635514019
0.02331921254117096	0.056697819314641684
0.023358292790101914	0.057320872274143175
0.02337558249567096	0.057943925233644666
0.023434301431233356	0.05856697819314627
0.023509104839471055	0.05919003115264776
0.023609800593100822	0.05981308411214936
0.02362556123683087	0.060436137071650964
0.02368914844972157	0.061059190031152566
0.023811246416158116	0.06168224299065417
0.02417817258146358	0.06230529595015577
0.024582643014304555	0.06292834890965726
0.02460161243772064	0.06355140186915886
0.02469832307227325	0.06417445482866047
0.02476060408809427	0.06479750778816207
0.024806774350842012	0.06542056074766367
0.025038831070843256	0.06604361370716527
0.02514698189741722	0.06666666666666687
0.025198886293935845	0.06728971962616848
0.02520683161684871	0.06791277258567008
0.02521355015864454	0.06853582554517157
0.025326339701377026	0.06915887850467317
0.025370083598751526	0.06978193146417477
0.025484601440403213	0.07040498442367638
0.025513395490725593	0.07102803738317787
0.025650794995198716	0.07165109034267947
0.025668176745901775	0.07227414330218096
0.025707853812821164	0.07289719626168256
0.025732108590642216	0.07352024922118416
0.026166896747654367	0.07414330218068577
0.026173691415374123	0.07476635514018726
0.02621758362020332	0.07538940809968886
0.02623744079199447	0.07601246105919046
0.026341541637449006	0.07663551401869206
0.026356652879246392	0.07725856697819355
0.026406413753062633	0.07788161993769516
0.026497470572772793	0.07850467289719676
0.026508036563471293	0.07912772585669825
0.026586049899318624	0.07975077881619985
0.026655741957525417	0.08037383177570145
0.026746857711790976	0.08099688473520295
0.027218860775914927	0.08161993769470455
0.02742481045289391	0.08224299065420615
0.027458561875294555	0.08286604361370775
0.027485843290476333	0.08348909657320924
0.027560723923741655	0.08411214953271073
0.027563816503979186	0.08473520249221234
0.027633225766232998	0.08535825545171394
0.027797904488604235	0.08598130841121554
0.02782039818123289	0.08660436137071714
0.02803466824222507	0.08722741433021874
0.028226205350445087	0.08785046728972024
0.028390342814919034	0.08847352024922184
0.028942770549189513	0.08909657320872344
0.02920295928017694	0.08971962616822504
0.02921154975883285	0.09034267912772664
0.029258491703318103	0.09096573208722825
0.02934100200623017	0.09158878504672985
0.029650063819547077	0.09221183800623134
0.02986853009441213	0.09283489096573283
0.029972099404420097	0.09345794392523443
0.030380348658911347	0.09408099688473603
0.030450380882619435	0.09470404984423753
0.030561602847705534	0.09532710280373902
0.03100830569107017	0.09595015576324051
0.031052559748139266	0.09657320872274211
0.03124429874673606	0.09719626168224371
0.03133866815461004	0.09781931464174531
0.03146433950995709	0.09844236760124692
0.031482546581431264	0.09906542056074841
0.03163704578008209	0.09968847352025001
0.031655494568259376	0.10031152647975161
0.03186953701127108	0.10093457943925321
0.03191470343202291	0.10155763239875482
0.031928021423145686	0.10218068535825642
0.03204633833099428	0.10280373831775802
0.03209236466619149	0.10342679127725962
0.03226289853109739	0.10404984423676122
0.0323611693285081	0.10467289719626283
0.03236724640206674	0.10529595015576432
0.03242755217977185	0.10591900311526592
0.03250336947214781	0.10654205607476752
0.032606456737053875	0.10716510903426912
0.03261164523990365	0.10778816199377061
0.03261309179467473	0.10841121495327222
0.03280358781892135	0.10903426791277382
0.03285601948677554	0.10965732087227531
0.03300523788031759	0.11028037383177691
0.033197392258539786	0.11090342679127851
0.03342534722689836	0.11152647975078012
0.03342709566607575	0.11214953271028172
0.033711628561285276	0.11277258566978321
0.03380512378735822	0.1133956386292847
0.03393059726611465	0.1140186915887863
0.034361009647752884	0.1146417445482879
0.03443011069983327	0.11526479750778951
0.03445868164445398	0.11588785046729111
0.034551937002880485	0.1165109034267926
0.034633315467256426	0.1171339563862942
0.03464173500600134	0.1177570093457957
0.03489997654187133	0.1183800623052973
0.035102686777593664	0.11900311526479879
0.03528501838935011	0.11962616822430028
0.03632582029217536	0.12024922118380177
0.036356723782160275	0.12087227414330337
0.03664060852765711	0.12149532710280497
0.036732442398002635	0.12211838006230646
0.036763259831788776	0.12274143302180807
0.03694094486620475	0.12336448598130967
0.0369708513905936	0.12398753894081116
0.03726871186924493	0.12461059190031265
0.037335597232953516	0.12523364485981425
0.03750552197963889	0.12585669781931574
0.03786769831551185	0.12647975077881735
0.03795217035199767	0.12710280373831884
0.03823833426368195	0.12772585669782044
0.038652861458052815	0.12834890965732193
0.03871864527739362	0.12897196261682353
0.03874925434661742	0.12959501557632502
0.03904934599281627	0.13021806853582663
0.03956425808806874	0.13084112149532823
0.03965881545503742	0.13146417445482983
0.04000867497704423	0.13208722741433143
0.04017266337926509	0.13271028037383303
0.0405065406055198	0.13333333333333452
0.04064139073946018	0.13395638629283613
0.04069797887303012	0.13457943925233762
0.041198839793544446	0.1352024922118391
0.041289682689483534	0.1358255451713406
0.04131256857500115	0.1364485981308421
0.04141159879296128	0.13707165109034358
0.04158768609255297	0.13769470404984518
0.04175695351681129	0.13831775700934668
0.041957329222974286	0.13894080996884828
0.04224642630429863	0.13956386292834988
0.04315370964539034	0.14018691588785148
0.04316153200272117	0.14080996884735297
0.04326630125160891	0.14143302180685446
0.043357362384493045	0.14205607476635596
0.04340993386855293	0.14267912772585756
0.04352314367758238	0.14330218068535905
0.044125524637245006	0.14392523364486054
0.04445301650639987	0.14454828660436214
0.04449247125950159	0.14517133956386363
0.04483517082395738	0.14579439252336523
0.04547022726042305	0.14641744548286673
0.045651051496806976	0.14704049844236822
0.04571177047344715	0.1476635514018697
0.046017064219835715	0.1482866043613713
0.046174127196623144	0.1489096573208729
0.046557508435032244	0.1495327102803744
0.04664813343837849	0.150155763239876
0.04667210064313556	0.1507788161993776
0.04705578746836627	0.1514018691588791
0.04734062586584422	0.1520249221183807
0.04753108465537812	0.1526479750778823
0.047540991292262844	0.1532710280373839
0.047664870832460404	0.1538940809968855
0.04776951208851483	0.1545171339563871
0.047869270015212705	0.1551401869158886
0.047922178535085756	0.1557632398753901
0.04797724129253988	0.1563862928348917
0.048064277470296374	0.1570093457943933
0.04812242141036558	0.1576323987538949
0.04830197981880434	0.1582554517133965
0.048381899775704056	0.158878504672898
0.04877671585325122	0.15950155763239948
0.04880183123214303	0.16012461059190097
0.04883523310237256	0.16074766355140258
0.04926318899804423	0.16137071651090418
0.04928670999482742	0.16199376947040578
0.04939211912654003	0.16261682242990738
0.04948279885919785	0.16323987538940898
0.04960354412602604	0.16386292834891059
0.049631147256174755	0.1644859813084122
0.04988321755169141	0.16510903426791368
0.05008355429246578	0.16573208722741528
0.050472510810136845	0.16635514018691688
0.05049757642566734	0.16697819314641849
0.05127949905836496	0.16760124610591998
0.051377637034357555	0.16822429906542158
0.05138546223099888	0.16884735202492307
0.05147733563619703	0.16947040498442467
0.051702478641793795	0.17009345794392627
0.05178036976100693	0.17071651090342777
0.05199482075988475	0.17133956386292937
0.05249154944782851	0.17196261682243097
0.052577702859183284	0.17258566978193257
0.05301191809378938	0.17320872274143417
0.05310445438172657	0.17383177570093578
0.053193172306865856	0.17445482866043738
0.053258022372094455	0.17507788161993887
0.053328547211152946	0.17570093457944047
0.053438088494340515	0.17632398753894196
0.053455563344863094	0.17694704049844356
0.05354364571584916	0.17757009345794517
0.053674674709865415	0.17819314641744666
0.05392003732694472	0.17881619937694815
0.05417334575857912	0.17943925233644975
0.05472323467960183	0.18006230529595135
0.05508610929031872	0.18068535825545295
0.055315173158933834	0.18130841121495456
0.05536980306739175	0.18193146417445616
0.0556212704631851	0.18255451713395765
0.05581860784634226	0.18317757009345914
0.055884640680084585	0.18380062305296074
0.056114175086406516	0.18442367601246235
0.05612308967275515	0.18504672897196384
0.056208864183076836	0.18566978193146533
0.056368472743667006	0.18629283489096682
0.05653188897286833	0.1869158878504683
0.056553045919100695	0.1875389408099699
0.05661730593009607	0.18816199376947151
0.05667172814974439	0.18878504672897312
0.05741331169358815	0.18940809968847472
0.05749836737952725	0.19003115264797632
0.057761173201515754	0.1906542056074778
0.057770305063471104	0.1912772585669793
0.05789489391582507	0.1919003115264809
0.058004461714590255	0.1925233644859825
0.05828397699973505	0.193146417445484
0.058526892983504664	0.1937694704049855
0.05864895526929081	0.1943925233644871
0.05874506115965402	0.19501557632398858
0.05886433877382637	0.19563862928349018
0.05903583493503068	0.19626168224299168
0.05905198105678728	0.19688473520249317
0.05924141783997179	0.19750778816199477
0.05971593817049396	0.19813084112149637
0.059849345536222384	0.19875389408099797
0.05992646738013022	0.19937694704049957
0.05995674100834837	0.20000000000000118
0.06006807879550128	0.20062305295950267
0.0601847342943101	0.20124610591900416
0.06033618929278473	0.20186915887850565
0.060524572868086504	0.20249221183800725
0.06060742001355242	0.20311526479750874
0.06066597788575975	0.20373831775701035
0.06076724441258238	0.20436137071651195
0.06076805266599725	0.20498442367601355
0.06086994922286882	0.20560747663551504
0.0615067141400097	0.20623052959501653
0.06230294149321827	0.20685358255451802
0.06237437792513396	0.20747663551401963
0.06267899417115087	0.20809968847352112
0.06270960703049393	0.2087227414330226
0.06298893167989664	0.2093457943925242
0.06373629585477825	0.2099688473520258
0.06381054929217783	0.2105919003115274
0.0641901103960235	0.21121495327102902
0.06433090972454913	0.21183800623053062
0.06450406668746718	0.21246105919003222
0.06464421494979347	0.21308411214953382
0.06468696922042554	0.21370716510903542
0.06498762634363237	0.21433021806853692
0.06519120845818786	0.21495327102803852
0.06545794197464955	0.21557632398754012
0.0654761281848952	0.21619937694704172
0.06554479216121868	0.2168224299065432
0.0656001244930575	0.21744548286604481
0.06567713421139963	0.21806853582554642
0.0656940329011855	0.21869158878504802
0.06592866088777789	0.21931464174454962
0.06608329972622268	0.21993769470405122
0.06658156268648165	0.22056074766355271
0.0666343396813043	0.2211838006230542
0.0667781296120583	0.2218068535825558
0.06696616905142093	0.2224299065420573
0.06700537088815753	0.2230529595015589
0.06714303598247316	0.2236760124610604
0.06759342514231143	0.224299065420562
0.0679072087366275	0.2249221183800636
0.0679445630902404	0.2255451713395652
0.06802894723472756	0.2261682242990668
0.06815630813045946	0.2267912772585684
0.06838428666808909	0.22741433021807
0.06858525822878479	0.2280373831775716
0.06874537778739527	0.2286604361370732
0.06889389244320956	0.2292834890965748
0.06910812764472549	0.2299065420560764
0.06942304745752803	0.2305295950155779
0.070054842842999	0.2311526479750794
0.07012837184125473	0.231775700934581
0.07019976901870698	0.2323987538940826
0.07073387852397522	0.2330218068535842
0.07085344526406781	0.2336448598130858
0.07088013890887168	0.2342679127725874
0.0709357376301126	0.234890965732089
0.07109934151092401	0.2355140186915906
0.07121244057333231	0.2361370716510921
0.07124306867490367	0.2367601246105936
0.07124387848622576	0.2373831775700952
0.0715973013467362	0.2380062305295968
0.0716006768679879	0.2386292834890983
0.07175237533683561	0.2392523364485999
0.0720750381723561	0.23987538940810138
0.0720758551636687	0.24049844236760298
0.07220218148023595	0.24112149532710458
0.07256153967211945	0.2417445482866062
0.07265984038937741	0.2423676012461078
0.07289205857341924	0.2429906542056094
0.0728964158621073	0.24361370716511088
0.07294647359733203	0.24423676012461237
0.07310303118343248	0.24485981308411398
0.0731892812037221	0.24548286604361558
0.07324746212458755	0.24610591900311718
0.0733074727941703	0.24672897196261867
0.0734509873760015	0.24735202492212027
0.07374289798481369	0.24797507788162176
0.07401941061430097	0.24859813084112337
0.07409989412014006	0.24922118380062497
0.07412824927067414	0.24984423676012657
0.07418397230715568	0.25046728971962817
0.07490875807972171	0.2510903426791298
0.07516542708146699	0.2517133956386314
0.07555653031482117	0.252336448598133
0.07623073770665285	0.2529595015576346
0.07625990761749016	0.25358255451713607
0.07643755754387113	0.2542056074766377
0.07648557650216035	0.2548286604361393
0.0783280235214266	0.2554517133956409
0.07854644304518005	0.2560747663551425
0.07869206483557775	0.2566978193146441
0.07895895167636933	0.2573208722741456
0.07916215843135573	0.2579439252336472
0.07933156506955504	0.25856697819314867
0.07939144118474803	0.25919003115265027
0.07982621427983154	0.25981308411215176
0.07985309736729458	0.26043613707165336
0.0798692380769553	0.26105919003115496
0.08013936059017393	0.26168224299065646
0.08031802313667244	0.26230529595015795
0.08053257313887315	0.26292834890965955
0.08064998746858454	0.26355140186916115
0.08079894583875658	0.26417445482866264
0.08087285221711521	0.26479750778816424
0.08088391092580569	0.26542056074766585
0.08090956395346234	0.26604361370716734
0.08105417582370561	0.26666666666666883
0.08182356800027689	0.26728971962617043
0.08199640326170632	0.26791277258567203
0.08227414700616112	0.26853582554517363
0.08238865796956477	0.2691588785046751
0.0824464824799813	0.2697819314641766
0.08257252730246015	0.2704049844236781
0.08309459328474095	0.2710280373831797
0.08346474393169291	0.2716510903426813
0.08355104653497095	0.2722741433021828
0.083611741462082	0.2728971962616843
0.08386270704736828	0.2735202492211859
0.08393324480419126	0.2741433021806874
0.08394652098863896	0.2747663551401889
0.0840356965009158	0.2753894080996905
0.08411262800615096	0.2760124610591921
0.08411539189441498	0.2766355140186937
0.08412329772944736	0.2772585669781952
0.08418818758072	0.27788161993769667
0.084564886449401	0.27850467289719816
0.08462280867223747	0.27912772585669976
0.08511381092986976	0.27975077881620136
0.08541527314634868	0.28037383177570285
0.08582552710828378	0.28099688473520446
0.08601528005658181	0.28161993769470606
0.08613588210276227	0.28224299065420766
0.08627593163294417	0.28286604361370926
0.08638245262131256	0.28348909657321075
0.08698419441694082	0.28411214953271235
0.08715265663090319	0.28473520249221385
0.08743133394901399	0.28535825545171545
0.0875991847518352	0.28598130841121705
0.0876611573973123	0.28660436137071865
0.08771335081431239	0.28722741433022014
0.08834918671859712	0.28785046728972163
0.08913711933547223	0.28847352024922324
0.08943588552667477	0.28909657320872484
0.08995153570948307	0.28971962616822644
0.09009884089454255	0.29034267912772804
0.09010718635327324	0.29096573208722964
0.09012405133868447	0.29158878504673125
0.0902811441216488	0.29221183800623285
0.09029966668927186	0.29283489096573445
0.09085860826773502	0.29345794392523594
0.09087225260605974	0.29408099688473743
0.09096498812202727	0.29470404984423904
0.09104030029318791	0.29532710280374064
0.0911617332998399	0.29595015576324224
0.09133521264881095	0.29657320872274373
0.09140377063715972	0.29719626168224533
0.09149396458400882	0.29781931464174694
0.09156746311275048	0.29844236760124854
0.09159184892953086	0.29906542056075003
0.09167327322391856	0.29968847352025163
0.0916876641939318	0.30031152647975323
0.09170190052210794	0.30093457943925483
0.09181029778986072	0.3015576323987563
0.09197318491112268	0.3021806853582579
0.09212835655580494	0.30280373831775953
0.09234785600385362	0.30342679127726113
0.09235024857450327	0.3040498442367626
0.09236724912022705	0.3046728971962641
0.09254931430969099	0.3052959501557657
0.0927254429126967	0.3059190031152672
0.09281068697694825	0.3065420560747688
0.092921319341732	0.3071651090342704
0.09306530188630363	0.307788161993772
0.09339700607491577	0.3084112149532736
0.09354626497417184	0.3090342679127752
0.09377373811318956	0.3096573208722768
0.09382107024316136	0.3102803738317784
0.09408818315177297	0.31090342679128
0.09443891811771499	0.3115264797507816
0.09449387832436966	0.31214953271028323
0.09466508986799804	0.3127725856697847
0.09482063482729823	0.3133956386292863
0.09507067509006728	0.3140186915887878
0.09519644881380637	0.3146417445482894
0.09524264593886778	0.3152647975077909
0.09541592152242803	0.3158878504672924
0.0955513141947805	0.3165109034267939
0.0956994778613973	0.3171339563862954
0.09579972091371308	0.317757009345797
0.09601845430358849	0.3183800623052986
0.09603001194705191	0.3190031152648001
0.09608996008295895	0.3196261682243017
0.09618988456657807	0.3202492211838033
0.09632947005763658	0.3208722741433049
0.09646600876493426	0.32149532710280637
0.09763571058996977	0.322118380062308
0.09776912254806752	0.3227414330218096
0.0980300510910921	0.32336448598131107
0.09817738495339247	0.32398753894081267
0.09869781737764874	0.32461059190031427
0.0988015405772928	0.3252336448598159
0.09906719995853067	0.3258566978193175
0.09933000048205766	0.3264797507788191
0.09953127498095028	0.3271028037383207
0.09959636167476481	0.32772585669782217
0.099604045547439	0.3283489096573238
0.09962394628070312	0.32897196261682526
0.09985007999683296	0.32959501557632687
0.09996485969664949	0.33021806853582836
0.10052440648455295	0.33084112149532985
0.10077701328238782	0.33146417445483134
0.10102088178682399	0.33208722741433283
0.101289944115299	0.33271028037383443
0.10132815322253126	0.33333333333333603
0.101489161706204	0.33395638629283764
0.10167005159485706	0.33457943925233924
0.10215243803107495	0.33520249221184073
0.10224058886804684	0.3358255451713422
0.10264494896569343	0.3364485981308438
0.10285665920583681	0.3370716510903454
0.10290820557152336	0.3376947040498469
0.10291006124101663	0.3383177570093484
0.10306345414444527	0.33894080996885
0.10312028601640794	0.3395638629283516
0.10340364535275626	0.3401869158878532
0.1036947121482401	0.3408099688473547
0.10379160264327665	0.3414330218068563
0.1043312212186767	0.3420560747663578
0.10438068780795551	0.3426791277258594
0.10445024236520793	0.343302180685361
0.10501021904085606	0.3439252336448626
0.10509187725755799	0.3445482866043642
0.1051140516162241	0.3451713395638658
0.10511604963902216	0.3457943925233674
0.10554677255928546	0.3464174454828689
0.10561224163383254	0.3470404984423704
0.10562512707007882	0.347663551401872
0.105629449844651	0.3482866043613736
0.10591992007780356	0.3489096573208752
0.10668855188587739	0.3495327102803767
0.10673186092713904	0.3501557632398783
0.10705849909571442	0.3507788161993799
0.10712155744029131	0.3514018691588815
0.10733583352800875	0.3520249221183831
0.10767251876962233	0.3526479750778847
0.10771781841023476	0.3532710280373863
0.10809398081189092	0.3538940809968879
0.1083188098403593	0.3545171339563895
0.10852485208232639	0.3551401869158911
0.10872767453476907	0.3557632398753926
0.10901686595535459	0.3563862928348941
0.10995658721027211	0.3570093457943957
0.110011119285115	0.3576323987538973
0.11050267193746642	0.3582554517133989
0.11053403198375555	0.3588785046729005
0.11055325782659794	0.3595015576324021
0.1105880703906227	0.3601246105919037
0.1109637728167051	0.3607476635514053
0.11144280591235789	0.3613707165109069
0.11155864189895595	0.3619937694704085
0.11158315185951455	0.3626168224299101
0.11165813315585611	0.3632398753894117
0.11188807000290324	0.3638629283489132
0.11195512779754448	0.3644859813084148
0.1122004088547704	0.3651090342679164
0.11236329166477023	0.365732087227418
0.1126336050160551	0.3663551401869195
0.11265477040665912	0.366978193146421
0.11271837623609808	0.3676012461059226
0.11279881399103907	0.3682242990654241
0.11281831299199158	0.3688473520249257
0.11287910091504749	0.3694704049844273
0.11292705384085253	0.3700934579439289
0.11295621688996609	0.3707165109034305
0.11307548561851803	0.3713395638629321
0.11337729809501304	0.3719626168224337
0.1138720548861226	0.3725856697819353
0.11399486983493796	0.3732087227414369
0.1140231205653831	0.3738317757009384
0.11408986863289469	0.3744548286604399
0.11415351390029801	0.3750778816199415
0.1141750370341235	0.3757009345794431
0.11475415718071584	0.3763239875389447
0.11476582776086891	0.3769470404984462
0.11476888364735291	0.3775700934579478
0.11488696107202787	0.3781931464174493
0.11537970606582905	0.37881619937695077
0.11539939966535959	0.37943925233645237
0.115475887160424	0.380062305295954
0.11567221054412452	0.3806853582554556
0.11574744520230786	0.38130841121495707
0.11611266884776396	0.38193146417445867
0.11629466669567175	0.38255451713396016
0.11639178963445818	0.38317757009346165
0.11675357497699812	0.38380062305296325
0.11692243029993342	0.38442367601246474
0.11709154051648243	0.38504672897196635
0.11716950353467338	0.38566978193146784
0.11719963558024063	0.38629283489096944
0.11728008613328558	0.38691588785047093
0.11728506812837441	0.3875389408099724
0.11757305738413844	0.388161993769474
0.11789187924535426	0.3887850467289755
0.11821881015366006	0.3894080996884771
0.11848696536063369	0.3900311526479787
0.11884013485891073	0.3906542056074803
0.11911125011888837	0.3912772585669819
0.11917789854930884	0.3919003115264835
0.11966277028906107	0.392523364485985
0.11996754025125912	0.3931464174454866
0.12024716687435383	0.3937694704049881
0.1205161475862034	0.3943925233644896
0.12091956226151937	0.3950155763239911
0.12141496909169426	0.3956386292834927
0.1217062869215888	0.3962616822429943
0.12192687688365088	0.3968847352024959
0.12247874653148416	0.3975077881619974
0.12273890016821574	0.398130841121499
0.12286137118811022	0.3987538940810006
0.12292077809152996	0.3993769470405022
0.12292684352608783	0.4000000000000038
0.1231158063633863	0.4006230529595053
0.12356290799171865	0.4012461059190068
0.1236881925391764	0.4018691588785084
0.12404420568991292	0.40249221183801
0.12408913081789037	0.4031152647975116
0.12423597406236239	0.4037383177570132
0.12431218595180163	0.4043613707165147
0.12457680537084588	0.4049844236760163
0.12477506696674104	0.40560747663551777
0.12519208330422102	0.40623052959501926
0.12525102418635342	0.40685358255452087
0.12526869924054926	0.40747663551402247
0.1252809472761836	0.40809968847352407
0.1255287640412507	0.40872274143302567
0.1255690545935723	0.40934579439252716
0.12633439781701475	0.40996884735202876
0.12652574584580484	0.41059190031153037
0.12729173914370454	0.41121495327103197
0.12780444903539703	0.41183800623053357
0.12791756539264965	0.4124610591900352
0.1280238896372294	0.41308411214953666
0.12807010711492398	0.41370716510903827
0.1281038648501897	0.41433021806853976
0.12856592988312712	0.41495327102804136
0.12870313333229022	0.41557632398754296
0.12931864059844397	0.41619937694704445
0.12934425808450176	0.41682242990654594
0.12960089925965104	0.41744548286604755
0.13003887543267234	0.41806853582554915
0.13060102321130307	0.41869158878505075
0.13080085301353706	0.41931464174455224
0.13085163458515903	0.41993769470405373
0.13119408057210027	0.4205607476635552
0.13139767038895298	0.4211838006230568
0.13139981368507608	0.4218068535825584
0.13149351500356	0.42242990654206003
0.13157095951187334	0.42305295950156163
0.13161109362930962	0.4236760124610631
0.13164034218244378	0.4242990654205647
0.131779110993536	0.4249221183800663
0.131799940648862	0.42554517133956793
0.13181904519051157	0.4261682242990694
0.13194730095589752	0.426791277258571
0.13213607623764773	0.4274143302180726
0.1321686431574276	0.4280373831775741
0.13244086363506136	0.4286604361370756
0.13246142096424393	0.4292834890965771
0.13275034750719752	0.4299065420560786
0.13279113519546462	0.4305295950155802
0.13300398816755712	0.4311526479750817
0.13316578823111655	0.4317757009345833
0.13360660186664178	0.4323987538940849
0.13363394371583753	0.4330218068535864
0.13463876246763595	0.433644859813088
0.13464506460034437	0.43426791277258947
0.134942214691221	0.43489096573209096
0.13498474664497312	0.43551401869159256
0.13499936745418425	0.43613707165109417
0.13514212638598136	0.43676012461059577
0.13533772547990497	0.43738317757009737
0.13536706270787555	0.43800623052959886
0.13546051401098155	0.43862928348910046
0.13589967226082003	0.43925233644860207
0.13595429493718045	0.43987538940810356
0.1363325489729273	0.44049844236760516
0.13639414106082376	0.44112149532710665
0.13688928314249577	0.44174454828660814
0.1369728846007309	0.44236760124610963
0.13727801306257242	0.44299065420561123
0.13737201900781762	0.44361370716511284
0.13768732659855545	0.44423676012461444
0.1381252486599578	0.44485981308411593
0.1382614335502398	0.44548286604361753
0.13833422163732215	0.44610591900311913
0.13834473284187657	0.4467289719626206
0.13880448613493468	0.4473520249221222
0.13895081905543752	0.4479750778816237
0.1390366948326015	0.4485981308411252
0.1390493254247077	0.4492211838006267
0.14011562667004118	0.4498442367601283
0.14021443281549906	0.4504672897196299
0.14029008821301758	0.4510903426791314
0.14032586086697346	0.451713395638633
0.140759568132104	0.4523364485981345
0.1407997267701739	0.4529595015576361
0.14085890548103797	0.4535825545171377
0.14109565417114817	0.4542056074766392
0.14111835821180835	0.4548286604361408
0.14152684850690925	0.4554517133956423
0.14262867017446487	0.4560747663551439
0.14284997280241757	0.4566978193146455
0.1429297498953014	0.457320872274147
0.14303714632273132	0.45794392523364846
0.1431647632835625	0.45856697819314995
0.1432309456661362	0.45919003115265145
0.14325892562419398	0.45981308411215294
0.14332968943207972	0.46043613707165454
0.14334064451852283	0.46105919003115614
0.14370925034212734	0.46168224299065774
0.14420485156707344	0.46230529595015935
0.14439455043837734	0.46292834890966084
0.1445939168217657	0.4635514018691623
0.14471387064604582	0.46417445482866393
0.14476403216222541	0.46479750778816553
0.14486377215951818	0.46542056074766713
0.14500574659762788	0.46604361370716874
0.1454098454962084	0.46666666666667034
0.14551878299321624	0.46728971962617183
0.14573861811951952	0.4679127725856733
0.145818023800578	0.4685358255451749
0.1463729078872599	0.4691588785046765
0.1465745231859904	0.469781931464178
0.1466683685802006	0.4704049844236795
0.14697819528444897	0.4710280373831811
0.14718236783288263	0.4716510903426827
0.14736780663432997	0.4722741433021842
0.14843232599341716	0.4728971962616857
0.14858016194562593	0.4735202492211872
0.14860850386877922	0.4741433021806887
0.14877560935958176	0.4747663551401903
0.14880308762629008	0.4753894080996919
0.14883528153064018	0.4760124610591935
0.14947696271912989	0.4766355140186951
0.14969969367564553	0.4772585669781967
0.15029176200753228	0.4778816199376983
0.15081956875981686	0.4785046728971998
0.1515867039052582	0.4791277258567014
0.1521766731185497	0.479750778816203
0.15242815284107814	0.4803738317757046
0.15256286605227762	0.4809968847352062
0.15271617038152063	0.4816199376947078
0.15295897683909074	0.4822429906542094
0.15331581472102682	0.4828660436137109
0.153634868894974	0.4834890965732125
0.15363871614369848	0.484112149532714
0.1536932361051912	0.4847352024922156
0.15375450893579098	0.48535825545171707
0.15403223674613836	0.48598130841121867
0.15409985276736912	0.4866043613707203
0.15410325238447486	0.4872274143302219
0.15421546903988473	0.48785046728972337
0.15432085462849895	0.48847352024922497
0.15434932622172973	0.48909657320872657
0.15443111457588168	0.4897196261682282
0.15443278047509873	0.4903426791277298
0.15462165201355169	0.4909657320872314
0.1546488219168873	0.49158878504673287
0.15476318779172357	0.49221183800623447
0.1549109098272154	0.49283489096573607
0.15508103420834718	0.4934579439252377
0.15619647395475578	0.49408099688473917
0.15624907754699313	0.49470404984424077
0.15631263534644144	0.49532710280374226
0.1564102022329705	0.49595015576324375
0.15642534278911352	0.49657320872274535
0.15651573249082426	0.49719626168224695
0.15656226375723142	0.49781931464174856
0.15666089800074023	0.49844236760125005
0.15670821034095522	0.49906542056075165
0.15723626946898217	0.49968847352025325
0.15753110998120456	0.5003115264797549
0.1575762014705671	0.5009345794392563
0.15771392681617677	0.5015576323987578
0.15795287428733218	0.5021806853582594
0.15805325487080868	0.502803738317761
0.15836524024246768	0.5034267912772625
0.15837185656971067	0.5040498442367641
0.15908183228361372	0.5046728971962657
0.15908494089304057	0.5052959501557672
0.15937862289597024	0.5059190031152687
0.15943988334151118	0.5065420560747703
0.15982326312109202	0.5071651090342719
0.15993757505971323	0.5077881619937734
0.16023911754879847	0.508411214953275
0.16025056775187665	0.5090342679127766
0.16075602039763767	0.5096573208722781
0.16126224345615783	0.5102803738317797
0.16130820759090886	0.5109034267912813
0.16208595357679742	0.5115264797507828
0.1623867651107623	0.5121495327102843
0.16240428125237885	0.512772585669786
0.16246359533828486	0.5133956386292875
0.16246837681426146	0.514018691588789
0.16304345992322586	0.5146417445482906
0.16312323705626103	0.5152647975077922
0.16374736074833582	0.5158878504672937
0.16377362866122522	0.5165109034267952
0.16399044250119985	0.5171339563862968
0.16402834014829099	0.5177570093457984
0.16449316733533526	0.5183800623052999
0.16466549274512254	0.5190031152648015
0.16471853337243986	0.5196261682243031
0.1648564151438164	0.5202492211838046
0.16554775886745746	0.5208722741433061
0.1662069614691449	0.5214953271028077
0.16815665134718194	0.5221183800623093
0.16827719628542884	0.5227414330218108
0.1682919964037691	0.5233644859813122
0.16833662193940807	0.5239875389408138
0.16855607219482346	0.5246105919003154
0.1686571198487157	0.5252336448598169
0.1687152364930568	0.5258566978193184
0.16873263829700186	0.52647975077882
0.16875264427051054	0.5271028037383216
0.16944168432022733	0.5277258566978231
0.16967625267450384	0.5283489096573246
0.16980498735520222	0.5289719626168263
0.16992628568291623	0.5295950155763278
0.16998304304136458	0.5302180685358294
0.16998494493894872	0.530841121495331
0.17041725591169493	0.5314641744548325
0.1705245183069929	0.532087227414334
0.1705696921302238	0.5327102803738356
0.1706108461644612	0.5333333333333372
0.17127639752465393	0.5339563862928387
0.17127834886940096	0.5345794392523402
0.1716739186424407	0.5352024922118418
0.17174653771259252	0.5358255451713434
0.17217422065707547	0.5364485981308449
0.17228424936292128	0.5370716510903464
0.17247369017378392	0.537694704049848
0.17262595607097328	0.5383177570093496
0.17301275679904113	0.5389408099688511
0.17314085326625828	0.5395638629283526
0.17314353302638277	0.5401869158878542
0.1733948361775746	0.5408099688473558
0.1739561241613113	0.5414330218068573
0.17417085711535077	0.5420560747663588
0.17465890123629352	0.5426791277258604
0.1750123254053835	0.543302180685362
0.1753245378174397	0.5439252336448634
0.17555192756612048	0.5445482866043649
0.17660191180921392	0.5451713395638665
0.17661087511286558	0.5457943925233681
0.1768123996016022	0.5464174454828696
0.17691853342597838	0.5470404984423712
0.17701718525671617	0.5476635514018728
0.1775387592731141	0.5482866043613743
0.1783564221852993	0.5489096573208758
0.1785772649801062	0.5495327102803774
0.17927786468910414	0.550155763239879
0.17928929743825078	0.5507788161993805
0.17947605137198275	0.551401869158882
0.1795732709768354	0.5520249221183836
0.1796214321017871	0.5526479750778852
0.17964297929296114	0.5532710280373867
0.18022965526938287	0.5538940809968882
0.18039400210450263	0.5545171339563898
0.18049760191313868	0.5551401869158914
0.18056392510884017	0.5557632398753929
0.18064542078640775	0.5563862928348944
0.18066138156462452	0.557009345794396
0.18070348918617937	0.5576323987538976
0.18117474178279963	0.5582554517133991
0.18121600689494136	0.5588785046729006
0.18131877760522194	0.5595015576324022
0.18135819111836282	0.5601246105919038
0.18137313669454866	0.5607476635514053
0.18141174312798014	0.5613707165109068
0.18162491546642248	0.5619937694704084
0.181743461616155	0.56261682242991
0.18188319574699635	0.5632398753894114
0.18189288586188182	0.5638629283489129
0.18229971764516628	0.5644859813084145
0.18276290234103953	0.5651090342679161
0.18362819263002123	0.5657320872274176
0.18427735792142597	0.5663551401869191
0.18461996942295814	0.5669781931464207
0.18465749356269726	0.5676012461059223
0.1853615762259598	0.5682242990654238
0.18543055185941693	0.5688473520249253
0.1855189354266823	0.5694704049844269
0.1856675790570151	0.5700934579439285
0.18575923615956133	0.57071651090343
0.18684939756551888	0.5713395638629315
0.18718572913583564	0.5719626168224331
0.18766509675189347	0.5725856697819347
0.1878659412598745	0.5732087227414362
0.18800885760855854	0.5738317757009377
0.18850570971542904	0.5744548286604393
0.18891225603281517	0.5750778816199409
0.18975709376337785	0.5757009345794424
0.18976349630447545	0.5763239875389439
0.18980618647292474	0.5769470404984455
0.18991441342392051	0.5775700934579471
0.19030830718927091	0.5781931464174486
0.19053186202993108	0.5788161993769501
0.19085120884717033	0.5794392523364517
0.19098428543081192	0.5800623052959533
0.1915977217448869	0.5806853582554548
0.19217657912134828	0.5813084112149562
0.19232097729865003	0.5819314641744578
0.19295128762585298	0.5825545171339594
0.19311174057602618	0.5831775700934609
0.19312000058075673	0.5838006230529624
0.1931236955425122	0.584423676012464
0.1940335047295436	0.5850467289719656
0.19417467606421557	0.5856697819314671
0.19430880834281938	0.5862928348909686
0.19463104840049814	0.5869158878504702
0.19508617053920727	0.5875389408099718
0.19531609427211316	0.5881619937694733
0.19532176520348593	0.5887850467289748
0.19576763014674123	0.5894080996884764
0.19596739146797226	0.590031152647978
0.19607797019875461	0.5906542056074795
0.19648528849575556	0.5912772585669811
0.1975114011961177	0.5919003115264827
0.19760128263419777	0.5925233644859842
0.19806395313177183	0.5931464174454857
0.19825878084703238	0.5937694704049873
0.19839205648423636	0.5943925233644889
0.19849333092795493	0.5950155763239904
0.1987984680688426	0.5956386292834919
0.19906159740469764	0.5962616822429935
0.19939124835828406	0.5968847352024951
0.2003740624165082	0.5975077881619966
0.20080058610452414	0.5981308411214981
0.2009541891231719	0.5987538940809997
0.2011543679391193	0.5993769470405013
0.2011763582013138	0.6000000000000028
0.2018925335654088	0.6006230529595042
0.20232177600942888	0.6012461059190058
0.2024917633981653	0.6018691588785074
0.20389344968767253	0.6024922118380089
0.2041150816424864	0.6031152647975104
0.20455739844312695	0.603738317757012
0.20469572371129308	0.6043613707165136
0.2048562590886914	0.6049844236760151
0.20514665971701404	0.6056074766355167
0.20541875135913257	0.6062305295950183
0.20604838006528825	0.6068535825545198
0.20614302101807294	0.6074766355140214
0.20625948335155786	0.608099688473523
0.2066976560634056	0.6087227414330245
0.20679748530674577	0.6093457943925261
0.2067994250829057	0.6099688473520277
0.20696687133632663	0.6105919003115292
0.20741067815298622	0.6112149532710307
0.20745983233953438	0.6118380062305323
0.20779347593622255	0.6124610591900339
0.20843233417729476	0.6130841121495354
0.20855956670692022	0.6137071651090369
0.21005706821323417	0.6143302180685385
0.21038833106359908	0.6149532710280401
0.21132992591244218	0.6155763239875416
0.21164000048838033	0.6161993769470431
0.21165242703576398	0.6168224299065447
0.2122866035142453	0.6174454828660463
0.21233802008937125	0.6180685358255478
0.2127513377789561	0.6186915887850493
0.2132020697829305	0.6193146417445509
0.21455434725567699	0.6199376947040525
0.21484052782543436	0.620560747663554
0.21486612314054898	0.6211838006230554
0.2153278298719973	0.621806853582557
0.21579836207960323	0.6224299065420587
0.21622596106305014	0.6230529595015601
0.2164543841488692	0.6236760124610616
0.21684825360515886	0.6242990654205632
0.21685346781683446	0.6249221183800648
0.2174720269387207	0.6255451713395663
0.2177086856022764	0.6261682242990678
0.21785039230557943	0.6267912772585694
0.21794378634005082	0.627414330218071
0.2179859196656212	0.6280373831775725
0.21922209821589703	0.628660436137074
0.21951976885855862	0.6292834890965756
0.21978621741347357	0.6299065420560772
0.2200149955694754	0.6305295950155787
0.22091034824909847	0.6311526479750802
0.2213065847109208	0.6317757009345818
0.22190950886109517	0.6323987538940834
0.22195519788914256	0.6330218068535849
0.22219078338933013	0.6336448598130864
0.22233255475301839	0.634267912772588
0.22259752256584106	0.6348909657320896
0.2230331310968203	0.6355140186915911
0.22311271942988034	0.6361370716510926
0.2243919218716097	0.6367601246105942
0.22445030511578876	0.6373831775700958
0.22450654559189304	0.6380062305295973
0.22516809972204957	0.6386292834890988
0.22566062672816628	0.6392523364486004
0.2257162893921154	0.639875389408102
0.22576761203579765	0.6404984423676034
0.22628682447256218	0.6411214953271049
0.2274674109969776	0.6417445482866065
0.2274869261069579	0.6423676012461081
0.2276097650913266	0.6429906542056096
0.22914567010712134	0.6436137071651111
0.22983759003943474	0.6442367601246127
0.2302499910042974	0.6448598130841143
0.23043837558720076	0.6454828660436158
0.2305505339487743	0.6461059190031173
0.2310019518591262	0.6467289719626189
0.2313331317660095	0.6473520249221205
0.23156474372406408	0.647975077881622
0.23190199245572318	0.6485981308411235
0.23243109709983384	0.6492211838006251
0.23291401363477526	0.6498442367601267
0.23321561764583912	0.6504672897196282
0.23339540643882647	0.6510903426791297
0.2342517340295776	0.6517133956386313
0.23551599031906256	0.6523364485981329
0.2361030743257863	0.6529595015576344
0.23708784587607337	0.6535825545171359
0.23714502991978303	0.6542056074766375
0.2375235208927842	0.6548286604361391
0.23753503465581524	0.6554517133956406
0.23797379068321578	0.6560747663551421
0.238098688859119	0.6566978193146437
0.23875949559580792	0.6573208722741453
0.24007456925569046	0.6579439252336468
0.24051462693434275	0.6585669781931482
0.24078127851381398	0.6591900311526498
0.2409624953841894	0.6598130841121514
0.2410205528923416	0.6604361370716529
0.24120398040392688	0.6610591900311544
0.24227787819969188	0.661682242990656
0.24245616927622743	0.6623052959501576
0.24339961408376504	0.6629283489096591
0.24347558596467572	0.6635514018691606
0.2436254011816885	0.6641744548286622
0.2436599096270879	0.6647975077881638
0.24447171345889696	0.6654205607476653
0.24478337349406573	0.6660436137071668
0.24531018545630712	0.6666666666666684
0.24559900064649098	0.66728971962617
0.24576386097678796	0.6679127725856715
0.2457643276144816	0.668535825545173
0.2470361222749187	0.6691588785046746
0.24758613529262738	0.6697819314641762
0.24785408690054536	0.6704049844236777
0.24827042245713235	0.6710280373831792
0.24853780990862862	0.6716510903426808
0.2486178922239517	0.6722741433021824
0.2496822091731812	0.6728971962616839
0.24986852325131487	0.6735202492211854
0.24996896636619553	0.674143302180687
0.2517362987309237	0.6747663551401886
0.2518474008797855	0.6753894080996901
0.2521409202736688	0.6760124610591915
0.2525582820245635	0.6766355140186932
0.2528364485552955	0.6772585669781948
0.252889382378838	0.6778816199376962
0.25372505742962115	0.6785046728971977
0.2544494470261849	0.6791277258566993
0.256170890296295	0.6797507788162009
0.2568396519592806	0.6803738317757024
0.2571264714739583	0.6809968847352039
0.2577111969036468	0.6816199376947055
0.25804087331159126	0.6822429906542071
0.2582352219825407	0.6828660436137086
0.2600636028654884	0.6834890965732101
0.26024813152323656	0.6841121495327117
0.2603644049059766	0.6847352024922133
0.26110183720206476	0.6853582554517148
0.26126241409643886	0.6859813084112163
0.26128022291937486	0.6866043613707179
0.2616745522581509	0.6872274143302195
0.2621265720930873	0.687850467289721
0.26215140051611696	0.6884735202492225
0.2623751906612585	0.6890965732087241
0.26248324350189217	0.6897196261682257
0.26280773104249555	0.6903426791277272
0.2628949113902791	0.6909657320872287
0.2630927379329957	0.6915887850467303
0.26335385420832325	0.6922118380062319
0.2637677209189992	0.6928348909657334
0.26442137566859913	0.6934579439252349
0.2651908620090487	0.6940809968847365
0.2655040026607917	0.6947040498442381
0.26609678647476415	0.6953271028037395
0.26623763647155324	0.695950155763241
0.26648873522289923	0.6965732087227426
0.26648944189822144	0.6971962616822442
0.26664642039591974	0.6978193146417457
0.2666780861099054	0.6984423676012472
0.26707910500408133	0.6990654205607488
0.26757409789625475	0.6996884735202504
0.26780801148566175	0.7003115264797519
0.26787504881299584	0.7009345794392534
0.2682881987050858	0.701557632398755
0.2683580104710598	0.7021806853582566
0.2687441430545295	0.7028037383177581
0.26916590158708575	0.7034267912772596
0.26980886223970835	0.7040498442367612
0.26984647884672064	0.7046728971962628
0.2704160800341144	0.7052959501557643
0.27052450785602444	0.7059190031152658
0.27219189042666075	0.7065420560747674
0.2726163745457696	0.707165109034269
0.27436936476940116	0.7077881619937705
0.2744387601971202	0.708411214953272
0.2747948112941092	0.7090342679127736
0.275191425664871	0.7096573208722752
0.2754291266703066	0.7102803738317767
0.2765069226260304	0.7109034267912782
0.27650874343175463	0.7115264797507798
0.27774446684949866	0.7121495327102814
0.27775262721619004	0.7127725856697829
0.2778501228245737	0.7133956386292843
0.2783283808084544	0.714018691588786
0.279150637464829	0.7146417445482875
0.2795071662383313	0.715264797507789
0.27958311728198026	0.7158878504672905
0.2795940165337385	0.7165109034267921
0.2801589309702169	0.7171339563862937
0.2802013651350325	0.7177570093457952
0.2802544751014005	0.7183800623052967
0.28038419064745734	0.7190031152647983
0.28074856288799	0.7196261682242999
0.28128330542018065	0.7202492211838014
0.2814700414967244	0.7208722741433029
0.28150771039651334	0.7214953271028045
0.2815902878308603	0.7221183800623061
0.28283312252983706	0.7227414330218076
0.28290833927329145	0.7233644859813091
0.2835152615639454	0.7239875389408107
0.28357780705987434	0.7246105919003123
0.28383383265513884	0.7252336448598138
0.28430491266618557	0.7258566978193153
0.2846644826234158	0.7264797507788169
0.2859296258219186	0.7271028037383185
0.2860510820357104	0.72772585669782
0.2865238631221484	0.7283489096573215
0.2877036052430527	0.7289719626168231
0.2884858772698996	0.7295950155763247
0.28884439111586846	0.7302180685358262
0.2896927080616328	0.7308411214953277
0.2903244634410125	0.7314641744548293
0.2906264852331003	0.7320872274143309
0.29085334746796004	0.7327102803738323
0.2909414833519745	0.7333333333333338
0.2912748422287727	0.7339563862928354
0.2915707226853934	0.734579439252337
0.291898238146612	0.7352024922118385
0.2924132326960656	0.73582554517134
0.2942173811504265	0.7364485981308416
0.295135393582575	0.7370716510903432
0.29564044759286606	0.7376947040498447
0.29805734776777154	0.7383177570093462
0.2981219063139107	0.7389408099688478
0.2983607291811009	0.7395638629283494
0.2986484437078491	0.7401869158878509
0.29892569917261885	0.7408099688473524
0.2992858206605841	0.741433021806854
0.29935325464525125	0.7420560747663556
0.2994819650852597	0.7426791277258571
0.2994963477735894	0.7433021806853586
0.30060863606607324	0.7439252336448602
0.3013164655401362	0.7445482866043618
0.30134824284886924	0.7451713395638633
0.30142561159052683	0.7457943925233648
0.3015879921147627	0.7464174454828664
0.3017182784888636	0.747040498442368
0.3021069868715347	0.7476635514018695
0.3023159787916718	0.748286604361371
0.3030466854435757	0.7489096573208726
0.30545502434519345	0.7495327102803742
0.30572614053565544	0.7501557632398757
0.3060613856279941	0.7507788161993773
0.3061913267588356	0.7514018691588787
0.3062945539244394	0.7520249221183803
0.30693647646349653	0.7526479750778818
0.3073516915403905	0.7532710280373834
0.3076210887415021	0.7538940809968849
0.3087493493170072	0.7545171339563865
0.3090616710791527	0.755140186915888
0.30962604452793213	0.7557632398753896
0.31056927003240536	0.7563862928348911
0.3107191143328353	0.7570093457943927
0.31147990297041894	0.7576323987538942
0.31148951383531437	0.7582554517133958
0.311728409739362	0.7588785046728974
0.31190761971032194	0.7595015576323989
0.3142752533347798	0.7601246105919005
0.3143138212105237	0.760747663551402
0.3149260539432732	0.7613707165109036
0.315837008444821	0.7619937694704051
0.31667148151879176	0.7626168224299067
0.31684908241729337	0.7632398753894082
0.31685365795233084	0.7638629283489098
0.31765718008435234	0.7644859813084113
0.3197114348001176	0.7651090342679129
0.3199929932856267	0.7657320872274145
0.3203067288277793	0.766355140186916
0.32035399977924883	0.7669781931464176
0.3204208108077398	0.7676012461059192
0.32099486660013093	0.7682242990654207
0.3210441761006369	0.7688473520249223
0.32125993991889434	0.7694704049844239
0.32127462881367397	0.7700934579439254
0.32224874300396944	0.770716510903427
0.3226350266097259	0.7713395638629285
0.3227028825465205	0.7719626168224301
0.3228552560835894	0.7725856697819315
0.3231113274871491	0.7732087227414332
0.3233607005030032	0.7738317757009348
0.32384002410077256	0.7744548286604362
0.3257558683356131	0.7750778816199378
0.3258493820227501	0.7757009345794394
0.3262998437381317	0.7763239875389409
0.32669742055065853	0.7769470404984424
0.32678741788762045	0.777570093457944
0.32693388701301274	0.7781931464174456
0.3276079686171524	0.7788161993769471
0.32813888346000264	0.7794392523364487
0.32822054021369307	0.7800623052959503
0.32842258795785845	0.7806853582554518
0.32898501043951195	0.7813084112149534
0.32899778457718043	0.7819314641744549
0.33259465889464257	0.7825545171339565
0.3333905615998361	0.783177570093458
0.3338044733779313	0.7838006230529596
0.3352113474664616	0.7844236760124612
0.3358599976571825	0.7850467289719628
0.33756983203843793	0.7856697819314643
0.3376741619490312	0.7862928348909659
0.3377107390862965	0.7869158878504674
0.3382641620051852	0.787538940809969
0.3390449285727914	0.7881619937694705
0.33993635851605836	0.7887850467289721
0.3402842090822975	0.7894080996884736
0.340725803686253	0.7900311526479752
0.3409664544400132	0.7906542056074768
0.34173108101087096	0.7912772585669783
0.34256489888728586	0.7919003115264799
0.34270381574087805	0.7925233644859814
0.342818717187647	0.793146417445483
0.34320927864570877	0.7937694704049846
0.3435524546119895	0.7943925233644861
0.3442214164502348	0.7950155763239877
0.34447980824689467	0.7956386292834892
0.34472616601425116	0.7962616822429908
0.344815370743505	0.7968847352024924
0.34509668892417417	0.7975077881619939
0.34593956783865665	0.7981308411214955
0.3460113543539838	0.798753894080997
0.3469069732554171	0.7993769470404986
0.3481086594397647	0.8
0.3487224918700414	0.8006230529595016
0.3511984075806811	0.8012461059190032
0.3519427354770082	0.8018691588785047
0.3524547797738787	0.8024922118380063
0.35345998998016653	0.8031152647975079
0.35346349137207334	0.8037383177570094
0.3538063246498886	0.804361370716511
0.3549252982539463	0.8049844236760125
0.35554899468978873	0.8056074766355141
0.3557993570381532	0.8062305295950156
0.3560454725382664	0.8068535825545172
0.35742929586306865	0.8074766355140188
0.35797948457054246	0.8080996884735203
0.3616278796694465	0.8087227414330219
0.3622725144129393	0.8093457943925234
0.3630986164963323	0.809968847352025
0.36330323890072186	0.8105919003115265
0.363589710909159	0.8112149532710281
0.3637656428652423	0.8118380062305297
0.36376614853997646	0.8124610591900312
0.3646960112108867	0.8130841121495328
0.36538085455639785	0.8137071651090344
0.36689994890989774	0.8143302180685359
0.36803956032139473	0.8149532710280375
0.3684271114458054	0.815576323987539
0.37041776636871576	0.8161993769470406
0.3708478445562887	0.8168224299065421
0.37240129595058513	0.8174454828660437
0.37484099735136733	0.8180685358255453
0.37509449611528956	0.8186915887850468
0.3751838214349227	0.8193146417445484
0.37589822886310154	0.8199376947040499
0.37720826997035095	0.8205607476635515
0.3772422704900334	0.821183800623053
0.37818113916972934	0.8218068535825546
0.3799192992003044	0.8224299065420562
0.38126371712049995	0.8230529595015577
0.3830879356819527	0.8236760124610593
0.38592063668569615	0.8242990654205609
0.386185481009636	0.8249221183800624
0.3867870663093337	0.8255451713395638
0.38688798976140903	0.8261682242990654
0.38734286679844016	0.826791277258567
0.38856494966513816	0.8274143302180685
0.3912927471849519	0.8280373831775701
0.39232898470278893	0.8286604361370717
0.39265962431918944	0.8292834890965732
0.39368388468362153	0.8299065420560748
0.39371937011477803	0.8305295950155764
0.39738740699276454	0.8311526479750779
0.400122506829745	0.8317757009345794
0.4010184233762464	0.832398753894081
0.4014016668744255	0.8330218068535826
0.4079361297994535	0.8336448598130841
0.4090274110371227	0.8342679127725856
0.4095150542847219	0.8348909657320872
0.41004812290634657	0.8355140186915888
0.41063321471136444	0.8361370716510903
0.4123983922751748	0.8367601246105919
0.4131972692188137	0.8373831775700935
0.4177965555304692	0.838006230529595
0.41807965875667163	0.8386292834890966
0.41877524040679825	0.8392523364485981
0.4219099920788111	0.8398753894080997
0.4226421312691158	0.8404984423676012
0.4242015737564014	0.8411214953271028
0.4252060506526612	0.8417445482866043
0.4258769732295858	0.8423676012461059
0.43002596553482425	0.8429906542056074
0.43232374200231577	0.843613707165109
0.43282343603271717	0.8442367601246105
0.43313246211307094	0.8448598130841121
0.4334875092882489	0.8454828660436136
0.4341199043279213	0.8461059190031152
0.43847040904589896	0.8467289719626168
0.4386607793298069	0.8473520249221183
0.43872590807351297	0.8479750778816199
0.4389584697001056	0.8485981308411215
0.43904964894871024	0.849221183800623
0.44190411559201764	0.8498442367601244
0.44208460098023455	0.850467289719626
0.44375931598899837	0.8510903426791276
0.4438690975638749	0.8517133956386291
0.4466768768207529	0.8523364485981306
0.44989877875365003	0.8529595015576322
0.45065467972045503	0.8535825545171338
0.4507740628606482	0.8542056074766353
0.45181913136346213	0.8548286604361368
0.45205200108705323	0.8554517133956384
0.4528389272589335	0.85607476635514
0.4535864258614152	0.8566978193146415
0.45596782800926067	0.857320872274143
0.4562997783540991	0.8579439252336446
0.45631043167513247	0.8585669781931462
0.4581523037444309	0.8591900311526477
0.45828804830464626	0.8598130841121493
0.46000144334281906	0.8604361370716509
0.4601907193812856	0.8610591900311524
0.46186583819264143	0.861682242990654
0.46281498188919873	0.8623052959501555
0.46315455783404935	0.8629283489096571
0.4639891253835965	0.8635514018691586
0.46602580482702666	0.8641744548286602
0.46669387716568916	0.8647975077881617
0.46749018438723	0.8654205607476633
0.4700639981005886	0.8660436137071648
0.4705962188861652	0.8666666666666664
0.47126872952050675	0.867289719626168
0.4713528904957555	0.8679127725856695
0.47344003348145836	0.8685358255451711
0.47361124293247964	0.8691588785046727
0.47394128268401803	0.8697819314641742
0.47495772259251845	0.8704049844236758
0.4777133459793558	0.8710280373831772
0.4784429222767127	0.8716510903426788
0.4805820018998096	0.8722741433021803
0.48343260594131715	0.8728971962616819
0.48412635188086195	0.8735202492211835
0.4844084575468524	0.874143302180685
0.4849342583018775	0.8747663551401865
0.4855633201516965	0.8753894080996881
0.485955280948829	0.8760124610591897
0.4885563227941492	0.8766355140186912
0.4906170598178519	0.8772585669781928
0.49176898177019707	0.8778816199376944
0.4952997511637678	0.8785046728971959
0.4961253095316534	0.8791277258566975
0.49613410596536084	0.879750778816199
0.498169667494042	0.8803738317757006
0.49906088170344637	0.8809968847352022
0.5025225554029552	0.8816199376947037
0.5045677871495056	0.8822429906542053
0.50719128400783	0.8828660436137068
0.5074996167503837	0.8834890965732084
0.5102601493860573	0.88411214953271
0.5143535471730707	0.8847352024922115
0.5148034081541334	0.8853582554517131
0.5233641749584511	0.8859813084112146
0.5234096709628345	0.8866043613707162
0.52346255618959	0.8872274143302178
0.5239428069576301	0.8878504672897193
0.5302547293531478	0.8884735202492209
0.5309463526113479	0.8890965732087224
0.5312646488192101	0.889719626168224
0.5343141154076433	0.8903426791277256
0.5349150723854754	0.8909657320872271
0.5351370801677814	0.8915887850467287
0.5360080776031899	0.8922118380062303
0.5383791847963219	0.8928348909657318
0.5408686243493827	0.8934579439252334
0.5448555836844852	0.8940809968847349
0.5478701678817267	0.8947040498442365
0.5485965121534429	0.8953271028037381
0.5488564223822793	0.8959501557632396
0.5594062314826612	0.8965732087227412
0.5628233007129418	0.8971962616822426
0.5639656118634923	0.8978193146417442
0.5644997117818803	0.8984423676012459
0.5652294097280293	0.8990654205607473
0.5653021723354059	0.8996884735202489
0.5662778929648379	0.9003115264797505
0.5683473388889432	0.900934579439252
0.5691154440102942	0.9015576323987536
0.5712692116746587	0.9021806853582552
0.5765816925934422	0.9028037383177567
0.582913318819945	0.9034267912772583
0.5832949319427341	0.9040498442367598
0.5837640772736598	0.9046728971962614
0.5866120602428916	0.905295950155763
0.5874779191494016	0.9059190031152645
0.5886265290271931	0.9065420560747661
0.59073296042831	0.9071651090342676
0.5923313802542677	0.9077881619937692
0.5936163581102735	0.9084112149532708
0.599042836715652	0.9090342679127723
0.6000029809929948	0.9096573208722739
0.601590082038826	0.9102803738317755
0.6080026778766369	0.910903426791277
0.6133280582117279	0.9115264797507786
0.614658822961045	0.9121495327102802
0.6194678672028998	0.9127725856697817
0.6202125071309974	0.9133956386292833
0.6234483751147945	0.9140186915887848
0.6263596045808614	0.9146417445482864
0.6305825951551339	0.915264797507788
0.633403048871239	0.9158878504672895
0.6372004563679666	0.9165109034267911
0.6372322140941835	0.9171339563862926
0.642610024129737	0.9177570093457942
0.6455238524882307	0.9183800623052958
0.6474327506095207	0.9190031152647973
0.6524049685630363	0.9196261682242989
0.6544258271016744	0.9202492211838005
0.6552174569410347	0.920872274143302
0.657194231193834	0.9214953271028036
0.6584457357301139	0.9221183800623052
0.6658632628098808	0.9227414330218067
0.6674548078394242	0.9233644859813083
0.6680047866204979	0.9239875389408098
0.6724179147232948	0.9246105919003114
0.674568023426263	0.925233644859813
0.6762670722331903	0.9258566978193145
0.6766965566139485	0.9264797507788161
0.678801466088516	0.9271028037383175
0.6801035092840136	0.9277258566978192
0.6861728545782512	0.9283489096573208
0.6883314748365525	0.9289719626168222
0.692282856313307	0.9295950155763238
0.6956621496778905	0.9302180685358254
0.6986641556251255	0.9308411214953269
0.7022454437298155	0.9314641744548285
0.7079437218015532	0.9320872274143301
0.7249090091013688	0.9327102803738316
0.7270925507873764	0.9333333333333332
0.7280153251666364	0.9339563862928347
0.735770880756892	0.9345794392523363
0.7418710315292846	0.9352024922118379
0.7448625398442995	0.9358255451713394
0.7482158710928645	0.936448598130841
0.7499052602158712	0.9370716510903425
0.7553450932954258	0.9376947040498441
0.7559942582857273	0.9383177570093457
0.7622883089578429	0.9389408099688472
0.7663723754035285	0.9395638629283488
0.7701625865331456	0.9401869158878504
0.7788332173463283	0.9408099688473519
0.78504061961795	0.9414330218068535
0.7869067349271305	0.942056074766355
0.7885568751650806	0.9426791277258566
0.7941963804509461	0.9433021806853581
0.7965639935488216	0.9439252336448597
0.811692232551837	0.9445482866043613
0.8167938996021625	0.9451713395638628
0.827014233255531	0.9457943925233644
0.8382380320665432	0.946417445482866
0.845537326127605	0.9470404984423675
0.8494494507686037	0.9476635514018691
0.852436914582819	0.9482866043613706
0.8527603227223836	0.9489096573208722
0.8779091017468297	0.9495327102803737
0.8788015034287284	0.9501557632398753
0.9036040084010786	0.9507788161993769
0.9103630375887066	0.9514018691588784
0.9118013157780177	0.95202492211838
0.914571405064106	0.9526479750778815
0.9180737580376814	0.9532710280373831
0.9243612289946098	0.9538940809968847
0.9284341572085945	0.9545171339563862
0.9393316545462786	0.9551401869158878
0.9490768568303494	0.9557632398753892
0.9612069997190794	0.9563862928348908
0.9702739569673012	0.9570093457943925
0.9905277034680553	0.9576323987538939
0.9918427148357689	0.9582554517133955
0.9940235773234467	0.9588785046728971
1.0001665128109958	0.9595015576323986
1.0024918734368358	0.9601246105919002
1.0080224841694454	0.9607476635514017
1.0114496730540523	0.9613707165109033
1.0133185179612463	0.9619937694704049
1.0179271569109085	0.9626168224299064
1.0225021370610128	0.963239875389408
1.0244649223921187	0.9638629283489095
1.029560507097942	0.9644859813084111
1.0311417080483376	0.9651090342679127
1.0360176945339972	0.9657320872274142
1.038566907803823	0.9663551401869158
1.0400062072590814	0.9669781931464174
1.042868256788201	0.9676012461059189
1.0441250508701485	0.9682242990654205
1.0531587594356036	0.968847352024922
1.055814114179713	0.9694704049844236
1.0674495886416742	0.9700934579439252
1.0750086693008296	0.9707165109034267
1.0832018415752651	0.9713395638629283
1.085734426306498	0.9719626168224299
1.0863588592538698	0.9725856697819314
1.0899452552426299	0.973208722741433
1.0915606628742165	0.9738317757009345
1.1020762606876089	0.9744548286604361
1.1059690887065807	0.9750778816199377
1.1101337733182834	0.9757009345794392
1.1180927465526624	0.9763239875389408
1.1244502998294137	0.9769470404984423
1.1248158696823067	0.9775700934579439
1.1310787538008273	0.9781931464174455
1.1479961198880007	0.978816199376947
1.149100921450516	0.9794392523364486
1.1501757616336783	0.9800623052959502
1.1558571207190123	0.9806853582554517
1.157955286664384	0.9813084112149533
1.162559474070642	0.9819314641744548
1.1969584945759042	0.9825545171339564
1.218984803304957	0.983177570093458
1.2201118650948175	0.9838006230529595
1.2223426217746551	0.9844236760124611
1.2301967252838009	0.9850467289719625
1.2495485839443004	0.9856697819314642
1.2517393896853193	0.9862928348909658
1.2545610669369631	0.9869158878504672
1.2673545312893124	0.9875389408099688
1.2836292312582667	0.9881619937694703
1.2955892284078778	0.9887850467289719
1.3042986866859305	0.9894080996884735
1.3058939421474645	0.990031152647975
1.3380909393241434	0.9906542056074766
1.3482458594504996	0.9912772585669781
1.3496475176589726	0.9919003115264797
1.3598310031023413	0.9925233644859813
1.3805346072338411	0.9931464174454828
1.3887891442862905	0.9937694704049844
1.4044776860290056	0.9943925233644859
1.4045129601224393	0.9950155763239875
1.4349805286440311	0.9956386292834891
1.4649336366391095	0.9962616822429906
1.4807082928069504	0.9968847352024922
1.5348863800938626	0.9975077881619938
1.5405090006854179	0.9981308411214953
1.565129187592729	0.9987538940809969
1.5761334918396865	0.9993769470404984
1.5794407136331112	1.0
